120
-2.33173052194508e-18 -0.0189382347063247 -0.0675834125221316 0.0273927104769458 0.0590865154938774 0.12573409985974 -0.00420609808762617 -0.0448928622133209 -0.0709430106917101 -0.00507086796613479 -3.32425326677781e-17 -0.0171998989829532 -0.0638451796411808 0.0273124182467344 0.053706968300081 0.106127481128998 0.00203421167021015 -0.0336102895391755 -0.0606568868437703 -0.0135431920341526 11.0145631478576 21.4332123211905 31.0935343345169 19.2465169999838 9.07455367871557 12.4163807591924 22.8623460965386 32.5454760201977 20.7027959732724 10.506234254599 
-4.89619000708736e-17 -0.0664933928954196 -0.00375595887943342 0.0397241892065468 0.0305278704525604 0.0963750154801197 -0.0212947376392491 -0.0926981084950124 -0.0537655416007773 0.0714749362015774 1.85282940405997e-18 -0.0525078678276965 -0.00679472552992212 0.0319536966526172 0.027352469621976 0.0837524378830364 -0.0242308703727241 -0.0783466413631567 -0.0442499091765895 0.063168994096662 6.74093769932859 7.02347716950846 5.0206160532032 5.35158556280018 6.58808537438797 7.57885931994338 7.86969763390524 5.84457039582031 6.1676568458722 7.41465633537539 
-1.39405510663839e-16 0.0027426121799242 -0.128989885697963 0.0149184805775318 0.110832650710589 0.172179733957758 -0.0481056487635412 -0.049611471370053 -0.0724251521654474 -0.000262277732761684 1.72649075289224e-16 -0.0129877358117207 -0.041088628744441 5.65783550487649e-05 0.0539966699727339 0.0901517900602157 -0.024029840525141 -0.0804145752457872 -0.0365180437804054 0.050955482172502 1.62809901441193 4.33678717553106 2.10528058260013 4.76138893641183 3.96232852639327 2.41543020004212 5.14584735489444 2.89726064002079 5.58333202530322 4.79302746639972 
3.14603827598429e-17 -0.094148222195588 -0.0725583333823352 0.0740473851674436 0.0920867958717309 0.240928496538173 -0.0462399993510811 -0.127702436852493 -0.0573001377410779 -0.00486168313061153 6.87215474049016e-18 -0.149956268177872 -0.00971040727885834 0.076776844074864 0.0818508319178571 0.162339022494785 -0.0163012900213246 -0.0583806908756259 -0.0566649949278516 -0.0295460729910961 4.63564857893767 4.60213967392778 3.10651790644549 3.30233387746286 3.48869267293051 5.8271220227227 5.32434025894548 4.01460799380372 4.41362565630492 4.6499444305809 
-2.9322217724223e-17 -0.0678586981410404 -0.0178839189132745 0.054697944166754 0.0310094509027295 0.0842413915912793 0.047752034037587 -0.0423671886697663 -0.0633659937068648 -0.0260863333090751 -7.29834355852077e-18 -0.0519213306161247 -0.0146805156061719 0.041472955476076 0.0251102189502076 0.0484197832564848 0.0208515774822123 -0.025473888893799 -0.034113227587527 -0.00965859879705817 3.93771951805792 3.78237329781864 4.20195705005438 4.52842832783991 4.43251271493628 5.56103267708418 5.47123470222792 5.9491027347609 6.26273024343646 6.13735041221757 
-1.0951027216817e-16 -0.0954715467354343 0.00296120816760801 0.101039312642167 -0.00757797172904598 0.227263228020735 0.078628213988214 -0.112075977282438 -0.153228917149036 -0.0375839976750468 1.75093099569e-16 -0.0641118011043701 -0.000418276906179696 0.0368777198519756 0.027687191046424 0.131336605104771 0.0748583234429693 -0.0652570476254955 -0.130114742915357 -0.0106608997992224 1.60462577093549 1.72596241486181 2.04098968208791 1.9866524075089 2.12373024020075 2.18060112178673 2.42378254427405 2.75113516843226 2.65503552172577 2.78183387999464 
-4.2900090679012e-17 -0.164514407116883 -0.0511419153492017 0.0426894286653317 0.172828814072017 0.257434963244215 -0.0993551293672114 -0.033254102312221 -0.127914224828127 0.00834456932485664 2.83173566699615e-17 -0.136847599335829 -0.0579221643158919 0.0472786892135153 0.147709180456295 0.208935558032192 -0.0611928274217767 -0.0339738869487675 -0.0912079439933429 -0.0195884861557484 28.4520123867435 6.20137428885106 8.72046160492021 3.96115430807201 4.80784304370173 30.3829828858456 7.76665213947076 10.32603608474 5.60313260411134 6.5095217393103 
-1.72264250374457e-16 -0.0273094719058421 -0.0855010143046112 0.0652100305855986 0.0475954197062435 0.205443900424951 0.0545196984452914 -0.115605067906503 -0.150608192189051 0.00739721886469315 -8.98265047621947e-17 -0.020867374504552 -0.0459114053444674 0.044191002073118 0.0226081680856288 0.16475203324945 0.058214313947233 -0.114205311487037 -0.127036618746079 0.018596786604117 3.51002804563718 4.39552425534286 13.7454724159246 6.23149851659485 4.1446300596657 5.17206870973704 6.04630032543623 15.3789177650829 7.78334352332677 5.76063072083076 
-1.63164194642824e-17 -0.226018061506763 0.0866215312162775 -0.0771377675373638 0.22274016458751 0.519021401658809 -0.0492713336215162 -0.406560438383691 0.0148159027084453 -0.0533654843859705 7.47561555992342e-17 -0.179801457497364 -0.0440375907611513 0.00352872195788138 0.22022359477235 0.455617712888927 -0.0889671047004132 -0.289461703980562 -0.0291856047192318 -0.0209036500094391 28.7902468038545 14.7334757579159 5.07825702298784 31.1794589507965 12.3540300856916 30.3932982767319 15.7808169439905 5.65787823951353 32.0230973780105 12.6676429976314 
-9.24125180618051e-17 -0.0557101966892028 -0.0186686188136227 -0.0144839173798401 0.08898250782718 0.190713431575275 -0.036465843472015 -0.0711669946018019 -0.09683407735799 0.0164636743846819 2.93088080768003e-17 -0.0502131961527347 -0.0145384896580162 -0.00585703141998939 0.0706485819062918 0.175713524739016 -0.0421920568324938 -0.0697951674933663 -0.0926920451153439 0.0310447543476033 4.59577411763891 10.5854398595258 12.3684980586969 12.2674781467641 11.5715308755652 5.35855803200598 11.3151842424334 13.1091420805699 13.0091209575122 12.3669536633124 
1.9326996524124e-17 -0.0644260011528888 -0.0262621306060282 0.00171166939914918 0.0890672719447653 0.116805372381145 -0.0506420123820842 -0.0753084232379935 -0.0196082888857389 0.0292584742691891 -1.61392134746605e-16 -0.0482825917656492 -0.0265009156894567 0.00651198236388092 0.0683165696877516 0.085908984090344 -0.0245125633344886 -0.0519620457254941 -0.0145258483325124 0.00529326208709954 5.27908820153159 9.52579705882818 9.02880114359766 8.79317984523716 6.96371294239736 7.30548694974273 11.6035503433091 11.0821394629209 10.8198607355473 8.94350633949817 
1.32891890308432e-16 -0.00858484002779113 -0.0356977079846552 0.0173406736107201 0.0269751505913181 0.168613338858939 0.02369433163748 -0.0557897991818915 -0.0649291693530683 -0.069696153404907 9.16377692068894e-17 -0.00904101076319213 -0.0292472126439704 0.0148619314096283 0.0234437861875557 0.14313281493294 0.0210975604514518 -0.0504780431504126 -0.054497776099235 -0.0580910366050883 3.76220382018153 4.47663713625137 4.53489012484618 4.86376345526573 4.88897152237067 4.32804433337329 5.05320013464708 5.11419408403795 5.45766099652271 5.48610207452035 
1.87391327774558e-17 -0.0322466334733235 -0.097647553007092 0.047726284039893 0.0809009102783159 0.318251528674963 -0.0426011391537265 -0.162195801194189 -0.0504308814830987 -0.0512824854768969 2.67541792450939e-17 -0.0321389806888896 -0.0685154616063234 0.0380487164760667 0.0622160751630232 0.267069075681164 -0.042995079227933 -0.116772209937936 -0.0463043338279655 -0.053332632105024 13.1318929901414 7.91846803111215 4.54995295905996 6.13774937354842 7.60774933336239 14.8140209845503 9.4745766186544 6.09258126018715 7.71039074362621 9.1856612529829 
1.01984415759986e-16 -0.119108941219653 -0.0176162047877986 0.0595323895824882 0.0769524517518516 0.156913176432895 0.0653928003326365 -0.119265652771726 -0.141317443579574 0.0384204923251956 6.60540258569919e-17 -0.0712338521729075 -0.0231735312714929 0.0384371070353895 0.0559894237283208 0.136720541429126 0.0618114304650464 -0.110596728050367 -0.129407535780065 0.0412422556358687 3.91663222190314 3.36282090622855 6.4275035555012 7.49987838159377 4.97911474428575 4.95665449451172 4.3568099510559 7.39755682863402 8.50273125194067 6.03220858636345 
2.51510509438754e-17 -0.274924147864391 -0.0911118726278018 0.225475505716116 0.148594132211774 0.481521352975015 0.0479932101161072 -0.114822439986767 -0.350770229439067 -0.043220516644209 5.50706191234711e-17 -0.164341409912342 -0.0323324754589202 0.0522524294456885 0.147124851504861 0.467576019445767 0.090930679110344 -0.0845940787727252 -0.405397533705136 -0.0540737044238022 3.76511324589409 6.69566889292857 5.37758666025499 2.37662010920221 4.09434437397759 3.74907064814102 7.15549472431718 5.67920438362348 2.56626375396738 4.14566121559851 
2.39509436142166e-18 -0.0571229406253247 0.00274753448699807 0.063596549179004 -0.00867882813863472 0.269751754682777 -0.0680178187167255 -0.16839143109352 -0.145654988269489 0.11802912294705 4.23956265105941e-17 -0.0391513180567156 -0.0183136785930161 0.0324968387851019 0.0249843385586899 0.229730864822769 -0.074622380008812 -0.136046638924651 -0.108845223304868 0.0938318644298918 10.8331297942841 5.28848077560994 3.72502137022144 3.92166026854807 10.8576305146947 11.871745333101 6.27404943367823 4.67411250924059 4.84183972861396 11.8387393773644 
-7.57869303467228e-17 -0.206448005832399 -0.0509372214707277 0.0466506207214114 0.210858222376862 0.371323026087347 -0.0755211470832916 -0.0979515139791587 -0.168375377384854 -0.0113620069179279 -4.32448898602715e-17 -0.16275470195302 -0.0326753323582332 0.0506854044265884 0.144294876758683 0.272457699094911 -0.0592496704480405 -0.079616928790041 -0.141567344853108 0.0149775490837031 5.00148383031062 12.6472211614663 13.251588753603 14.0011808383844 5.18183674666278 7.45965467488157 15.1122250525965 15.6726165872627 16.379395835058 7.58903486900887 
1.31722695521134e-17 -0.0281121746701901 -0.134479677824784 0.0714312310307818 0.0877218777103096 0.339993445239063 0.0965613975497695 -0.231031167708698 -0.104972625074231 -0.0913675470390272 5.35968597476505e-17 -0.0413697357191495 -0.089249328217775 0.0598215536476267 0.0690839642489031 0.190485245324211 0.0791678263150869 -0.191139314375313 -0.0474436169341209 -0.0317365775712591 3.30824238830716 6.50594487294806 9.66234751513873 8.86762526707015 9.18233458273645 4.73700985493551 7.94989829706751 11.2907398471914 10.4970718694541 10.8116332828354 
-3.82352758031359e-17 -0.140772200549807 -0.0405648431368073 0.0967118710651928 0.0891705869542276 0.401795935782356 0.0706396944874091 -0.0788283237427158 -0.357837602567646 -0.0286826435979213 5.96362778391864e-19 -0.110399284108822 -0.0561356206822691 0.104522440807101 0.0686882504756072 0.376241715917262 0.0298372829812779 -0.0430357954720842 -0.382494167339929 0.0167462407720015 4.30287802920774 5.65341235534344 4.05085787709044 4.73687537333228 3.90671841783542 4.71200667518147 5.83187720803793 4.04619576909118 4.336232251084 3.88761653211993 
-3.26514666676778e-17 -0.0973572911556543 0.010704513059045 0.018778795890902 0.0682818682236131 0.318887891427376 -0.119011629718993 -0.207802450061376 -0.150318850923363 0.168605086431974 -6.84013561623929e-17 -0.082796513186517 -0.00881379485251655 0.0128485466689542 0.0792191018379258 0.216679081731064 -0.05996756967403 -0.167346102851811 -0.117960744614682 0.131600982422621 3.92854200693791 29.8400369559225 28.5087755054261 28.288740825759 7.89059772157525 5.67744188230812 31.8708184047442 30.489093483237 30.1906759985366 9.60354376572306 
1.05678325925794e-16 -0.0084581196109825 -0.0661835718733621 -0.0479446618618314 0.123133405418039 0.214179042191949 0.0471569927185257 -0.0277823537286925 -0.150657857451817 -0.0808753595926157 -1.84056266361991e-17 -0.0609509541451766 -0.0663385650272321 0.0231354913904542 0.104948870178001 0.1539206203707 0.0404917503404398 -0.00420474945855175 -0.100497588247501 -0.0891839261687885 4.33232243632988 4.50348011970068 3.9706398652934 3.10454826172185 3.26382447605047 5.71984169251059 5.7410685076745 5.12958859147113 4.41028478534218 4.86139732268335 
-2.42628020798826e-17 -0.0781078137960415 -0.00529298434023922 -0.0382338375710132 0.12208249893691 0.147528734636331 -0.0467898669340665 0.0237562187836041 -0.0920723549281631 -0.0317323791703304 -5.94450077354258e-17 -0.0275740978375942 -0.0427740743339705 -0.0058727025740542 0.0763752815152736 0.0931319006505166 0.000449435342409807 -0.0428144681584015 -0.0257357731160182 -0.0247963551854229 2.25031398212369 1.6222056819861 6.60685997707632 1.63908418653097 2.42646798098548 3.59062651191861 2.91272793044032 7.88550475792049 2.92535789306338 3.73916220934684 
-1.96243672564386e-17 0.000534283088852373 -0.0904528820040749 0.0040858304588166 0.0888179717419035 0.32727331881176 -0.00656632469287374 0.134422341501273 -0.150571018626577 -0.302239392257718 7.37743513440769e-17 -0.00208575255905469 -0.0662985316364447 -0.00279932494196131 0.0722006065603068 0.184494505707994 0.0242772080028471 0.0477329178023547 -0.0826272349915504 -0.173935405844483 4.0008809273272 7.54874562544519 3.87165278574954 8.21272567420087 21.0513010382496 5.74089014100513 9.44833858396379 5.72814832301701 10.2774218550808 23.7201661077856 
4.02662804900327e-17 -0.0400138861951418 -0.0350111354501461 -0.0168304787752983 0.0911267309321427 0.48152674394984 -0.0573226883015033 -0.203680986379027 -0.185282415546047 0.0049775207190133 9.31958950851631e-17 -0.102650349668615 -0.0402475894540499 -0.0168757433950074 0.16085372393723 0.254581159102244 -0.0264231943115539 -0.151954232346925 -0.125358493102841 0.0548174754287863 25.670974541562 5.18589114799633 4.83494929535529 4.98728929842926 8.01955256431695 27.2871206600869 4.26776251082649 3.71056800240353 3.85394471693141 6.80517943178484 
2.22142730716841e-17 -0.0240163913613798 -0.000285155736045153 -0.0567438867237423 0.0795786252972959 0.651834283143202 0.000249448268571893 -0.183259300122284 -0.275058222607561 -0.102092195837527 -6.39688977304115e-17 -0.0407893905521975 -0.0011883801769994 0.0209018283022802 0.0214438784734737 0.330003267864355 0.0181934784169834 -0.115807662540327 -0.199098698571892 -0.0213015083554687 2.11083532472955 6.27336960362796 7.42149022468181 3.85679614558912 14.2823892274458 3.56159327030932 7.81237846657755 9.1039027821156 5.52262377657351 16.0136105378996 
7.79357677638877e-18 -0.414015984654498 0.146515348638172 0.07761917631853 0.157043209548657 0.523996656753252 -0.269703384555861 -0.280646068596506 -0.0618609126087057 0.10870576685256 -1.93560653916359e-17 -0.292865888081046 0.0804349992320832 0.0537718971430742 0.147308116020668 0.327022094082104 -0.157044728780084 -0.174966631535488 -0.0629405009718401 0.0737235598572697 2.01249192355751 2.80049347846522 2.74879961611908 7.31053202915672 58.44116741206 3.46646500319221 4.1905741720434 4.15064461276341 8.7210633852927 60.0990688102871 
-1.03762533442716e-17 -0.148801578853253 0.000790730586998312 0.0748288539228621 0.0652012923997485 0.633396428654995 -0.325058830262766 -0.0976919525450225 -0.0890218829234005 -0.0434810009274262 -2.55640713886506e-18 -0.149264572160656 0.000943535886186196 0.0740459442658865 0.06405253533388 0.620816228291728 -0.3732334680139 -0.0800150937320942 -0.0700572008983697 -0.0317628392716581 41.0999024939668 21.9118061706356 79.1591325533218 83.8255530102416 69.6524916787822 40.832578558172 23.3619943768492 80.5529480086342 85.1746942292512 70.8022800466364 
-4.80505865488764e-18 -0.0686043437164794 -0.15462057296774 0.169037656959269 0.0493311284818991 0.366242092853766 -0.150158091885688 -0.300300503158711 -0.103692330631684 0.194258388274371 5.82862878451997e-17 -0.0663947630629524 -0.126368544380281 0.109489517354001 0.0815015335540333 0.265318009548619 -0.098989169223919 -0.197970488656282 -0.0933010911109203 0.128383936133504 3.08125474685167 2.57988860533509 2.41608473311195 2.44233163442416 2.37659428660261 4.08925400567548 3.36919281364494 3.09840588257763 3.49827583912476 3.41170317927558 
-3.44297032421541e-18 -0.13793599789913 -0.150903502572872 -0.0504320934624129 0.353295016784569 0.454641741801063 -0.066876300852298 -0.191648000344743 -0.127689421534053 -0.0372276353032617 1.31752766954377e-18 -0.0976810355287978 -0.110866145195677 -0.0222472634013912 0.23388003728411 0.354167795462574 -0.0622795978287383 -0.173676514480214 -0.119976198742308 0.0176809817080096 5.10802861124723 13.5433090116151 14.3994982386337 14.6228967380711 4.57297442436919 7.35299602900977 15.7119816300057 16.4973795991636 16.6945620642562 6.63351102490687 
-3.92206886165572e-18 -0.0380848626595805 -0.0565378126766966 -0.0178642158943638 0.112048784486311 0.232985683368439 0.0685064975704114 -0.199909580996436 -0.198850157654771 0.0965658754390643 -3.56800134540854e-17 -0.0576872131623391 -0.0247733749581981 -0.00799809912770216 0.0905986523644538 0.20091801899627 0.0587276931150645 -0.191208947873422 -0.179778839676816 0.110282879990245 3.33954488218935 5.30924906456578 5.69116536425999 7.15337665343558 4.47085854222215 3.62963935609999 5.58603878636889 6.02583092631235 7.51225661841734 4.82166929843808 
-4.04451181821537e-18 -0.100043814449466 -0.0785374002611231 0.0757017463908734 0.103213041815809 0.156833718777394 0.0136525882817039 -0.070283910681141 -0.115736430628078 0.0161059280436329 5.18450977624525e-17 -0.089140165198563 -0.075392924690573 0.0666105313280765 0.0981070894128962 0.106068029664848 -0.00501266848007645 -0.0547536096262039 -0.0777047063646728 0.0315007106898887 7.415796732383 6.87598547556663 9.34168165856625 22.6134155576038 17.4671768356081 9.33867782082083 8.88072214495103 11.3916793685981 24.7332200949903 19.4029928487374 
-4.05680820730031e-18 -0.0193866860078992 -6.42964525593198e-05 0.0189199764084081 0.000573952230406708 0.23305272263049 -0.110058139239396 -0.110017932294505 -0.129143881664884 0.120692186111257 -5.85212443259274e-17 -0.0203681209852064 -0.00552964289057392 -0.00570154791391118 0.0316438078307714 0.154676931013401 -0.0603475160735533 -0.076346478293483 -0.10254705622831 0.0858577431190601 3.76342788320016 19.8875210203974 21.5075807910099 22.8152643375352 6.30838362463553 5.57608579187666 21.8420494425691 23.417966362691 24.7129747746604 8.10524860027702 
-3.64401369188451e-18 -0.198839883237007 -0.0579473348173874 0.0973668539718059 0.1587386350702 0.251290182515097 0.0398480653881202 -0.160649837342993 -0.178356845737179 0.0510712100696939 2.61963631559706e-18 -0.194937873279678 -0.0623214469299364 0.100096934889194 0.15682985276101 0.15965594177023 0.110815492148281 -0.191967895716793 -0.20660729492661 0.126235632221803 5.33279402974001 2.70665571677075 4.04335463639612 3.94793342941065 2.63977465397607 5.58871655580112 2.74754616458582 3.87351741913997 3.76949392228686 2.69093194160283 
4.69821019319885e-17 -0.0653068703244214 0.0915845086133438 -0.0040400048184989 -0.0180509378242473 0.557510012933953 -0.0278066952602271 -0.31214578411898 -0.230780404377377 0.0626254746032862 1.23038952752561e-16 -0.0166245688268529 -0.0805088709197725 -0.00874079533491542 0.104760781506951 0.239689789107784 0.0243504525178923 -0.192538504160456 -0.10645062048818 0.0371260741458221 2.30755193693357 3.97086490218397 4.20708327253052 5.04343899541698 4.48101281964584 3.03764584064864 5.13867551276697 5.6808860747209 6.4276599924845 5.30724461152434 
3.38477292540208e-17 -0.0195110094512713 -0.105716373429563 0.0672151329301508 0.0581886544577422 0.294176229682814 0.216781863650767 -0.148974056435182 -0.222701579016331 -0.131931976085052 5.22170103318486e-17 -0.020699973583753 -0.102041671353048 0.0699176572587247 0.0527532987767473 0.256514896553619 0.192054657059533 -0.141093480655932 -0.19335097984855 -0.109446886788761 2.8692916124539 3.324211406226 6.6516628140263 6.175888465594 6.32293723219346 3.188827255509 3.64350489328345 6.98456381369576 6.57360917271698 6.70269212007227 
-2.12011539614658e-17 -0.305720613352058 -0.0417306447085993 0.167336580000204 0.182868780797267 0.438598249360962 0.13330200890904 0.0204972825757093 -0.290213220980748 -0.288953648527712 3.79928818867397e-17 -0.285546302310394 -0.0444688402802255 0.156420161137745 0.171528329691327 0.287121804657438 0.115439240682769 0.00594179895819636 -0.203889750964049 -0.201460881304812 4.11746140221745 2.29010169280088 2.25789601640024 1.53807394618628 1.52960282708881 4.58799218799526 2.462008453942 2.38487285268547 1.58088633532548 1.5740105023057 
-1.7545132134448e-16 -0.0374008375008637 -0.0434295284940614 0.0325879547550331 0.0481288176354192 0.0982601913359068 -0.0478476858524769 -0.0627991339496714 -0.0054436917173759 0.0180518482132474 2.31436391809379e-16 -0.0293604415447913 -0.03371232381965 0.0259083138338108 0.0371421753199829 0.047004417209437 -0.0222335596882448 -0.0335968156295972 -1.49749895824935e-05 0.00884615777400681 2.76950591004286 4.67105919381645 4.74056652073633 3.782132710504 3.35399148703466 3.85885104552294 5.79966934276784 5.87613761795619 4.89676626193812 4.46286803676397 
1.29593765227099e-17 -0.0283234840231032 -0.108730818986356 0.0613298382514176 0.0796444427488175 1.44831891302412 0.0689497429085179 -0.253784370705173 -0.344136161432907 -0.341394606685205 -3.17800860901003e-17 -0.0501587816351492 -0.073458691403813 0.048864477339047 0.0777919037770301 0.83713192091834 0.00871920567439607 -0.154971440521643 -0.277111076560534 -0.238265499759191 6.95947458904004 7.0655286116451 4.74981008332539 5.37777638428649 4.80570585994553 11.0936731737562 8.44752767323831 5.72654316990743 6.25785419749089 5.78205484497704 
3.3891041332514e-18 -0.0717742751222321 0.0419086979272886 -0.0238685791025695 0.0532315159291666 0.224425974965711 -0.0746517194277376 -0.00398375386426784 -0.138864858873166 -0.00324222053862167 -8.23237060810955e-18 -0.0230270247652755 -0.00177662083501023 0.0159280832329983 0.00892126582707338 0.18979682999773 -0.0473817621478282 -0.0219627150904366 -0.0965218207318992 -0.0211367707943689 5.55317424876767 3.46989569454821 23.2483130573674 3.43800211217025 23.4553250541745 6.56000882633213 4.42908885954896 24.2432896221159 4.40171664886339 24.4664719527941 
-5.74172938611917e-17 -0.135363162744425 -0.0638941051961221 0.0367546942262207 0.162693134985523 0.190922036931583 0.0220610361575493 -0.151968843824187 -0.0817485266811169 0.022270286002657 -4.88905590984354e-17 -0.101760913000018 -0.0360506518463749 0.0355607261892937 0.102067114685457 0.150766662768155 0.0425106381818688 -0.105002331896481 -0.0648157080348925 -0.0224574561886701 5.48293609890309 9.14059821814596 9.62930138710358 5.88285824196084 3.4042891997076 6.75145214281955 10.5135127820243 11.1037551418165 7.25989379690509 4.73324293889042 
5.9244306451286e-18 -0.264728117139098 -0.0323354539367091 0.235072222945594 0.0757437938445344 0.69039246971028 0.103444890437159 -0.108546688754159 -0.408730363781753 -0.194180288775199 -8.4057566594195e-17 -0.261147523382852 -0.0255609135789734 0.210398735150721 0.0818642597303566 0.485385107271801 -0.0106355411055317 -0.0377043666303401 -0.310539376237383 -0.0987544893665539 3.30291132008042 3.21142954792062 13.8197883857291 27.5018494072262 28.5882612034544 3.73743246157453 3.92105843194436 14.6623120183354 29.2944732513556 29.7538310688476 
-6.57714083650556e-17 -0.0715257387228238 -0.149176205419453 0.105404869893233 0.114403323492756 0.312628323067119 -0.144545293487599 -0.104717974041737 -0.126414298814522 0.0727309039344117 7.50653433422147e-17 -0.0929147251313019 -0.0430199218103692 0.0650448732800164 0.0702376096192302 0.225489150762197 -0.127126670821253 -0.110046136761245 -0.0753374855767209 0.0904533938813355 2.3564679676593 12.2258798693636 2.2808327947245 12.6554924481192 4.98980227586885 3.07705313978347 12.9519622108904 3.01991172177296 13.5457416783199 5.76153625589155 
-1.13381400964106e-16 -0.145132029692594 0.0325151768275074 -0.0386382104615102 0.158010115965536 0.511825255106946 0.0202223065079065 -0.248939363501907 0.0270119483735556 -0.273904721903756 1.61352472799119e-17 -0.105014778913951 0.016591555542247 0.00669898187844603 0.0827201752829329 0.349471873241588 0.0212636736439603 -0.174916430733238 -0.0189023141863728 -0.162509232055936 2.83569611636562 2.91265601969465 2.98850463487201 5.6606219288759 2.40624764252621 4.22879972379438 4.19320315430433 4.12425774332396 6.89816655938324 3.52884858961855 
1.09928853464423e-16 -0.0721617492640841 -0.0594262005584649 0.0583066432793315 0.0733728481515662 0.121776407926625 0.029320122876805 -0.0887878732064924 -0.101269034831336 0.038888468059614 -3.68915388929839e-17 -0.0579729346521385 -0.0478339851592056 0.0445647774384664 0.0613100716320151 0.0980469772021757 0.00179868103793487 -0.074277056467771 -0.0738375908263898 0.0483252259999469 4.03813853708316 3.35415292368836 3.70879520152896 4.13477772899528 4.63786657651637 5.06919253518236 4.45656323632902 4.87094125719367 5.29703048905483 5.70256739380879 
5.06877087063954e-19 -0.168128054035751 -0.0157587275511042 0.1987480530373 -0.0127953177754749 0.627866255597565 -0.0996684224827364 -0.283105455205389 -0.146302555678174 -0.0195218797959634 -1.57716887226771e-17 -0.118488458827271 0.000140844924908709 0.104688308222379 0.0173471732004809 0.563052429106971 -0.0294311537610315 -0.210773749050355 -0.286415168174364 0.0187958886452511 3.8875753707295 5.69434417632727 5.14780839180454 3.03229192824616 5.4794620057597 3.56439925138031 6.36578120588951 6.02480686376714 3.62200396560911 5.89348225303987 
-9.27823659329432e-17 -0.00104874675348541 -0.0262195144898858 -0.00873230031137855 0.035559040082211 0.253647653712277 0.0588060728690648 -0.201111787339223 -0.248515686765901 0.135000013756778 -4.59001909113626e-17 -0.0212669339970181 -0.0121381101114867 0.0084793777800128 0.0250628432159 0.221327815548462 0.0454601817603061 -0.17217279652312 -0.207503286418205 0.112062766988923 12.9161959994441 17.3868637833033 6.47687772701881 5.72664821814655 13.1625329217021 14.2367242204582 18.6647523031057 7.72781946703669 6.98332329803635 14.484681032885 
-2.03480433575279e-18 -0.238630861766001 -0.130696574078193 0.0563546153083693 0.316071741257184 0.398943519661354 0.24691324425362 -0.206635843544679 -0.272011941546952 -0.149651516160857 5.96318320352648e-18 -0.221527388373087 -0.0930207230054098 0.0796315917862409 0.231930163424026 0.303708218070877 0.20146169325397 -0.206874662109752 -0.198950373265733 -0.0899744455974743 9.6062848884088 30.1778927512627 26.1853417691762 5.82347027516732 3.90062277974606 12.151662219856 32.8106459508756 28.6558670578751 8.30961211157415 6.39110635310406 
-4.45168268166851e-18 -0.208411763028646 0.0998134075942816 0.0248179975965465 0.0831259790222418 0.557707536930716 -0.0595238826654155 -0.225156043259118 -0.261894634146239 0.0431831629113981 -2.39581054366398e-19 -0.0863300037051151 -0.0272876894053115 -0.00772184893650732 0.120892662422914 0.489428307921967 -0.12369097740248 -0.154429497257782 -0.221000993043795 0.0514979253701799 32.2510088843279 16.6263014895875 4.77815646233862 6.09434122609734 12.6186989157522 33.7615806583254 17.4906680374197 5.15451116581585 6.45914416482096 12.8633086945024 
-2.72085717658114e-17 -0.0109749669298875 -0.0263352344758376 0.0214245487389585 0.0156258675806971 0.35291346403868 0.0404772952678409 -0.200842821429789 -0.158560701700334 -0.019830694580851 -3.02231071531937e-17 -0.00698099323848426 -0.0234757931789938 0.0163344633659113 0.0139179604253419 0.311778307904153 0.0387892098501027 -0.178898423414114 -0.144810963420438 -0.0170575776123808 2.14783493399128 2.35960037860568 2.50623071467474 2.46725699774584 2.38946433026932 2.48762946703209 2.66738310449412 2.7930094660503 2.7223124382508 2.66878865375308 
-1.5548400711029e-17 -0.179784997699005 -0.306337774790197 0.227209018685453 0.257262426850811 0.41478202036322 -0.00602268620127536 -0.146623717297305 -0.171131022086071 -0.0763770813421217 -8.85648482417134e-18 -0.164438425326475 -0.282022920576312 0.204303783327774 0.241603960102923 0.323120361771602 0.0137377352222229 -0.10770273986079 -0.153060865310457 -0.0717878032289219 1.60148697906297 2.30737896518386 2.22276006681711 2.46214492811508 2.44896536886854 1.64221141364758 2.48859103190796 2.48116923671863 2.66845844179472 2.6057722060832 
5.38196991765526e-18 0.0410388118069328 -0.0459900848177184 -0.0248037029759361 0.0292772614321951 0.393647159849075 -0.0180164894875623 -0.0991081577697494 -0.170047046868607 -0.0824925990748796 3.60392901803855e-17 -0.0177836471301921 -0.0309902184939593 0.0333047126147544 0.0156900497957207 0.35483197550544 1.30353573165385e-05 -0.120888739428112 -0.159802783055394 -0.0568422609484446 6.34242637020028 77.233872263829 83.274781104627 82.4941244098002 80.6769538385033 4.59310248958599 75.6304111720676 81.4739888483567 81.1181555270816 79.2641799963648 
-7.17334913180021e-17 -0.0766590880435877 0.000422622423705081 0.0419705755457651 0.034019519925251 0.139358089989573 -0.0618854675438258 -0.119852215451989 -0.0158935793532984 0.05857509717265 1.45153363835106e-16 -0.0667353492406769 -0.00920918343309743 0.0398409278245742 0.0359174625771101 0.122879764057054 -0.0536372503627142 -0.101046662651059 -0.0172420367601338 0.0493271776451281 5.17362066912734 6.98493313889444 5.36158641471841 6.75794345428989 6.75298928108471 6.02354648899542 7.83401100359632 6.18792523475704 7.5814540098702 7.58717296535719 
-1.10476930065257e-16 -0.308390810066041 -0.0141842883158779 0.325419285656222 0.0165588766127267 0.598221122648829 0.0700541816121512 -0.492919395174797 -0.385310032564964 0.210496404665067 1.74890600377307e-17 -0.210293541992899 0.0204640766666659 0.169690824893594 0.0216280252162114 0.396092668361894 0.0438846569244807 -0.442074622176008 -0.150818339868203 0.141600707170874 2.61492718904884 2.63266258525697 3.43709670798006 1.57338468747424 2.85364666056713 3.9102749466603 3.75213069701897 4.08641484905919 2.41735136579142 3.95110035532034 
1.30264129494436e-18 -0.0416295508162938 -0.0728239118726679 -0.035144705959417 0.150335074124551 0.221991918915521 0.162429917510123 -0.113754817506867 -0.164152251756675 -0.103986441375081 -2.79587766457678e-17 -0.0278647024664286 -0.0740977726835059 -0.032779495143098 0.135732062435616 0.0808127489793638 0.030972543824026 -0.0151782529575692 -0.063188857345043 -0.0336558007106942 1.4965999366212 1.49257761660981 9.78101887968894 8.5993500653711 4.20026656617246 1.90996961948536 1.91834372866811 10.3091645521725 9.18669133162899 4.70190293885451 
1.26187301776274e-17 -0.215096121705017 -0.0186486455700173 0.054964318794136 0.179752076425004 0.303436381289497 -0.0233229018822217 -0.128165743572144 -0.2670613321461 0.119896326444211 2.87767274550352e-17 -0.177899058075719 -0.0246973774282805 0.0404109897764175 0.161821482657007 0.214257070370257 0.0665349659843456 -0.086066525598726 -0.195308877043467 0.00242250848742187 1.78781845260759 2.61570331359749 2.66835809690376 3.20690570503384 1.99866968213015 1.64502025896012 2.69671245546422 2.74456713259985 3.36646195293825 1.87365786617701 
1.70150370475511e-16 -0.0641647804094179 -0.0686204104338543 0.0750408736431667 0.0583783585441401 0.204537168618414 -0.0594953357340774 -0.113804195371895 -0.145658300424578 0.116409079875994 2.02179710820611e-17 -0.0557475519124179 -0.0621534964635066 0.0612766935620072 0.0568814725987116 0.122738584028842 -0.043188132597574 -0.0822530442634189 -0.0925423644045512 0.095640398484889 3.01421755854647 3.6741099778119 3.7055975232719 5.08227352867183 4.08874334813887 4.03847482391931 4.82606579864551 4.88836106566565 6.2653834705536 5.10937230581599 
-8.11800144714742e-17 -0.057667161522943 -0.101588901835116 0.0719275295460495 0.0871160194366976 0.1917287280004 0.0111310719938223 -0.0856442435378473 -0.0629347438765794 -0.0521302078433749 1.55999835258051e-16 -0.0655602002353576 -0.0680295122930937 0.0603967921770039 0.073467295598458 0.128553962761009 0.0284166672634526 -0.0207046906649046 -0.0683116581774663 -0.0675005813025576 6.23890294619863 4.84806323181916 3.64791278745437 3.15361420440858 3.1152261699979 8.19388258800688 6.65115734972996 5.43149500207277 5.11959392268173 5.09816290220421 
5.37478399871182e-18 -0.00725262540279084 -0.00950783731730451 0.0119366032450377 0.00480442088178025 0.366026815352474 -0.0418012059400377 -0.123326098723308 -0.0697785019504199 -0.110635840752837 3.07669483728171e-17 -0.0172549543650054 0.00133266209065543 0.00513581836780086 0.0108325428060748 0.282482981291626 -0.0301372329223477 -0.104275321313444 -0.0498997874185757 -0.0885258588391304 2.31850868027861 11.311835435479 12.5485434510124 12.3893995298963 12.3665999301585 3.03552222182439 12.0411044039465 13.3006054825939 13.1392582469324 13.1243324978574 
-3.99667083102496e-17 0.0096606140396975 -0.0971999894499932 -0.0138369384226507 0.100591665072971 0.364881198577097 0.103487144613822 -0.220807790600039 -0.0645563122414827 -0.169858931632489 2.25420285386936e-17 -0.0517523440999133 -0.0174862538185745 0.0125298080419065 0.0563516894037227 0.168581188747365 0.113084677337936 -0.158201818116389 -0.0491807608267892 -0.0734154123000971 1.86764144801007 5.4909351507748 2.74857196205946 2.72691306020931 6.99129368043191 3.28833848002155 6.88921060587125 4.28077530656793 4.23220213474718 8.63536169493299 
-3.13655523453462e-17 -0.106961816092474 -0.020307009818906 0.0722983945159693 0.055019607470085 0.182847620656035 0.0345608048144933 -0.102942986954314 -0.12503078859905 0.0119364956656147 1.61860521796958e-17 -0.0556564256172504 -0.0321101794871878 0.0228648853889591 0.0648971273962099 0.135655389238118 0.0593793697767185 -0.0761095181365601 -0.113066758377995 -0.00544630381195415 1.96403306186279 6.41849122668948 5.11503883753205 3.9211281897174 5.42978096261588 2.79786396171782 7.28840859488822 5.95909742918232 4.74251062690081 6.24057247362215 
2.68320453057229e-17 -0.0681084510183123 -0.016061461741013 0.0537519026509339 0.0303132193986247 0.0900648429563166 0.0539741365348911 -0.0654165154185565 -0.0579029531677804 -0.0204952565973321 -3.94547582977662e-17 -0.0521628196939625 -0.0132307821407123 0.0407523672901591 0.02460586939727 0.0515895832616433 0.0244658573932672 -0.0380060532900269 -0.0313030637517785 -0.0067114695353102 3.93573658124492 3.78112129501999 4.31411626162442 4.53014959395091 4.43318359295428 5.56015349670306 5.47071956119937 6.08770123613432 6.26348936838777 6.13757525401846 
4.8307731662538e-17 -0.278002845334084 -0.213545723610878 0.198180653331079 0.309274641711117 0.498100242544355 -0.00568434003104853 -0.0273812634801294 -0.389159802692576 -0.059733625160461 -7.19510928335606e-18 -0.206454321452114 -0.147121057881983 0.033911532315597 0.330227250485098 0.411285442895929 -0.0811160057177457 -0.0867287367185046 -0.231534825790374 0.0102746088025065 26.7246010883087 13.1649040981238 13.3229335679053 5.0582592391422 12.6004843160151 28.7509132500238 14.6851435693252 14.6590908221914 5.70620688329323 12.6830700339281 
2.89632510927793e-17 -0.0695535562468318 -0.152640964925295 -0.00996649138972036 0.231906660910276 0.688350775216524 -0.230579708965007 -0.20391471674611 -0.226934341571862 0.0783128272810219 -1.23238277218355e-17 -0.0529099911326842 -0.0442914752940632 -0.0199433888106192 0.117632329613514 0.291861546765274 -0.135366975890997 -0.170675824549766 -0.111433729243923 0.134700042241497 2.25866023972492 6.59054232668119 4.1157415114134 7.1240265920184 5.12552099156546 3.70710121921118 8.52617620464862 5.96435873370543 9.11997288607261 6.9130289022923 
6.76066343587131e-19 -0.0654497447503311 -0.0126125147323761 0.0154306152882992 0.0625974723534035 0.0793547878914136 0.0241607925321713 -0.053499413695875 -0.0502271671289656 0.000369162593343064 -4.14239474855699e-16 -0.0430812522615872 -0.0156123426264595 0.00739170947052491 0.0513033159569557 0.0613155601237811 0.0307400895556428 -0.0405021697141312 -0.0424188594071307 -0.0090663725715935 6.90769011379125 10.3064096693482 9.55995640044128 9.54007706278534 9.11966900481548 8.97285719576476 12.4053019049576 11.6365758769594 11.602067513897 11.155467057828 
-2.27510314207362e-17 -0.256924528150485 -0.208570809575955 0.128643228478418 0.334029824311106 0.423513694114158 -0.252839679847375 -0.22527876212921 -0.0744268818179595 0.145656868927518 4.53833644672399e-17 -0.174644292833477 -0.149553981586144 0.0788168198183797 0.241986644299344 0.399359674737572 -0.265554913014588 -0.233161673942504 -0.0548584958210947 0.16838109006651 3.92000678669301 2.50195085083074 2.77524202053617 5.52383848406341 9.02249659623186 4.11006633583782 2.76917457221709 3.04746181241519 5.92208831538662 9.5752538405318 
-5.5300433672412e-17 -0.156677817358991 -0.0246311052314378 0.000127940293637139 0.177138242660964 0.546861365071881 -0.277456404486089 -0.182835045119317 -0.146459075646279 0.111640971144503 -1.46609022917883e-17 -0.12639994428142 -0.00908665666131674 0.0148903225040232 0.119241145995923 0.313499658031908 -0.140944793730432 -0.0958621724344076 -0.0772333802424282 0.0118414410585366 9.51844947707708 3.39539141809748 3.06367108438464 2.99729655454412 3.7825583097441 12.5546164675195 5.25735408171235 5.1172395073092 5.09584661139382 6.16996462444978 
4.04385928903074e-17 -0.0203539788471579 -0.0562629073981985 -0.0113055887141447 0.0881051711143342 0.101205623404338 -0.0182312282423991 -0.0421366842744057 -0.0446148247726052 0.0041498218348316 6.52094114201407e-18 -0.018854109604122 -0.0518649361766339 -0.0101978751248384 0.0810959528093256 0.0803089698602203 -0.00755551162076478 -0.0265193042270581 -0.0299666139281124 -0.0161260903952068 4.84643182799256 6.30274641632703 6.67660135356819 6.43895458586166 4.25230652535296 5.39162953573425 6.89217316762794 7.27632689419498 7.04280620629468 4.84254589265434 
1.05638772781196e-17 -0.268012440419715 0.0459155358690936 0.221829456125447 -0.0272263746937094 0.890001254053821 -0.55213194686384 -0.298847574622453 -0.255500467527525 0.354270092648562 -2.41419126432319e-17 -0.159565585496892 0.0143710147407755 0.117749328148547 0.00606229172780825 0.486848951674152 -0.576233865127374 -0.0808031330177056 -0.0657899405141002 0.206865305652327 3.1345406089536 8.23480448328228 2.53771165589896 2.66268762858237 4.36562915611433 6.02549709746904 9.47935793163741 4.6007480193243 4.68369383551149 6.93452836386304 
1.74850639217173e-17 -0.0948652414437364 -0.106073791388476 0.074381030918931 0.127132221519588 0.297351966813225 -0.0806630868275785 -0.139615061655622 -0.170141002062902 0.101133737945068 1.29028021409488e-17 -0.0783034202646219 -0.0891942581335934 0.0686658581561917 0.0991059484737264 0.17978637866028 -0.0392397745986952 -0.0811765665705721 -0.11228077528702 0.0543984558260328 2.4573794291985 5.84093993260796 7.19352848872693 5.18820307584341 2.75501952767243 3.35942725893042 6.84529178690989 8.24428709286234 6.24428029099121 3.70422681474976 
-2.52564265641783e-17 -0.0996143277919274 -0.00962902477741396 0.0578716778797533 0.0512078737687379 0.160311955842944 0.0529602029386604 -0.1052765694125 -0.111298697279817 0.0042147188012851 4.06808972089523e-17 -0.0727176292408858 -0.0138819006886367 0.0457005545884812 0.0408625040357357 0.0833903930171595 0.00358588119840391 -0.0546233098582162 -0.0595632099517383 0.0272873366727297 2.09849605866625 2.00947560362663 6.42415219929227 6.82729217375701 4.8578293655944 2.89898765878901 2.82871785507276 7.29451212513745 7.70569459295029 5.67644572347505 
-7.99630629324952e-17 -0.0427171171026229 -0.018843486826689 0.0105057769532466 0.0510199361002671 0.106056881399537 0.087574319858631 -0.0596163558306988 -0.0667069928525149 -0.0668061426182841 9.39368863764784e-17 -0.0341914785480347 -0.0146039877240621 0.00951109803560588 0.0392837639244757 0.0614437077299155 0.0485893210272749 -0.0329318795780381 -0.0365857123219717 -0.0404257793433598 3.85011983554634 3.74030475864898 4.3154656320251 4.48447495130011 4.52829571884383 5.48071051350043 5.41427609696766 6.08867918191213 6.24372328285631 6.26181328434633 
1.64492536460393e-17 -0.231798375086596 -0.0890285217999211 -0.00575139823099131 0.337343680159268 0.658836644745798 -0.0351348292395445 -0.25179933551643 -0.155574564687386 -0.126447195668697 -5.66325787086984e-17 -0.219506908647531 -0.0574333213543266 -0.00323536253011315 0.285860091605148 0.383288452073432 -0.00638748816122413 -0.169569557927207 -0.113972786720608 -0.0745610052471961 2.31159928479513 30.1791307948735 5.12083962480689 26.9178332209365 9.26799011528458 4.02823372992085 31.9558197588119 6.93547293541064 28.8228870164273 11.0831905559282 
-1.93740533688002e-17 -0.0524546753323617 0.00246844370160931 0.0357145382627718 0.0143886985472639 0.168614267780515 0.0171674368569541 -0.0841175633040734 -0.0961579938891431 -0.00393171372293971 2.179481035112e-17 -0.0364635387619741 -0.00462939917262601 0.0270134650263894 0.014108395939701 0.102198833433336 0.0186941099809621 -0.0551933118439944 -0.0641288072425279 -0.00126487493018125 3.83192692378273 4.3173216430999 4.54431410046812 4.87617118091573 4.54376078968852 5.48304496483526 6.08752028897198 6.3407271562314 6.64843527246083 6.27112460902349 
3.79661331207528e-17 -0.00315892594340786 -0.0421954780885493 0.012044565117466 0.0332415518476853 0.253280487718838 -0.0244902175560988 -0.0811718147652632 -0.0941607495775679 -0.0465470852955238 -3.76360652750056e-17 -0.00723938832586968 -0.0345346273283835 0.0149176880803055 0.026822694313537 0.147219759114506 -0.00543685038696659 -0.0583167437094567 -0.0629423825145447 -0.0192292991048059 3.36105497857198 9.53905304833765 10.0134624860647 9.6124469265281 9.6291343779769 4.71018040026514 10.9369343281776 11.4330022135403 11.0522245042738 11.048281598238 
2.0548437016465e-17 -0.309066929422449 0.0663372906151649 0.234221480734441 0.0117896847612457 0.609335526147839 0.176085214357086 -0.596800503596478 -0.229867398501607 0.0438491880878798 -2.20985802586743e-18 -0.257261056853429 0.0777643020033928 0.134223134876491 0.0487347523842534 0.595310110783155 0.205115467885792 -0.595831105349947 -0.251135297748097 0.0459885755958405 5.28637945130904 2.53640402927106 2.497303794622 12.9934290496074 2.72255455603482 5.34941653151231 2.46863070255072 2.49315760058772 13.2094720388725 2.73749702167895 
-1.24427896779937e-16 -0.0609912142112146 -0.0242030179412107 0.0422832254850722 0.0431653127905666 0.153788640982648 0.0503277593930708 -0.0272882956411572 -0.125185855650043 -0.050908532834998 9.12416042770307e-18 -0.0526338570357595 -0.0235838821447075 0.036493204580266 0.0398147154189229 0.0907069742168204 0.0437641815182443 -0.0106939385527828 -0.0877692409599733 -0.0359840628976189 3.49056024807164 4.45582203985996 5.82660476981425 10.2363011684916 7.21422696132425 4.25989362181553 5.26100103799526 6.65304374210647 11.1140302672791 8.03104993034217 
-2.04664875109051e-18 -0.305701060156063 -0.330455600779017 0.219030818322052 0.421813547620168 0.624375825999802 -0.140223417122827 -0.265209891710757 -0.263653950845566 0.10565674081857 -9.83613883602689e-19 -0.272583568690737 -0.290054637864272 0.209899626194349 0.354260374672421 0.564544575108971 -0.104761007855998 -0.221906474444746 -0.229936959007738 0.0392076253236979 6.34579011820723 15.4608113047351 14.3461108270317 7.08832075177756 3.53289488447105 6.90970165535453 16.4608357331807 15.4529122247536 8.0005005857283 4.31073217499855 
3.22718352061671e-17 -0.0378849014253108 -0.0112084916688481 0.0163443488770359 0.0327106724887222 0.090805361783748 0.0673287357555972 -0.0472457835353085 -0.066511650021225 -0.0440818800901401 -1.44479862320388e-17 -0.0321218705139129 -0.00992790724393564 0.0139701890033976 0.028057177427435 0.0660367317125572 0.0547680697622939 -0.0338153635930727 -0.0518508738021877 -0.0350157585207218 4.14554601831924 4.76020441393893 6.06518803253759 5.88725771186959 5.48491459034738 4.95866280405347 5.57582590371621 6.91048936577233 6.73790712379461 6.32809080707314 
-2.99388853859894e-17 -0.0368842412154724 -0.0974354236767023 0.0715949917250292 0.0615019770770245 0.259938259702928 -0.0553885661476776 -0.156072710465753 -0.0656860532849933 0.0226112462704105 2.47311156033154e-17 -0.031679949307714 -0.0895134201695338 0.0648537575237185 0.0555746604068149 0.194237797413292 -0.0355510446296943 -0.12616761404384 -0.0524288130010723 0.0218073451394894 2.49300649212645 6.67137219516903 6.57172471211399 5.26138251846182 4.40136754719801 3.03493491781931 7.25203826985487 7.18186685987947 5.83634889140403 4.96063079724882 
3.50222842855369e-17 -0.22668781638397 -0.14291424132788 0.125255652584513 0.25529930035911 0.441160257281774 0.242883068162474 -0.0439435628831953 -0.372663119393145 -0.259493890443356 1.64327272824587e-17 -0.223331027051548 -0.137241961394595 0.112561205355681 0.253710510402314 0.379914643618554 0.28017221952895 -0.0801168195362127 -0.333879608170268 -0.23809626463819 2.21191335777769 1.63912592702243 2.60660181120057 1.78900173360531 1.95900107921347 2.47795040346211 1.80878263792884 2.63446108737812 1.68475074383373 1.87215900629922 
2.54594944436483e-17 -0.151301630422138 -0.0883663266638586 0.110475503147686 0.130536291323918 0.304389458152204 0.141755553302074 -0.0927187630907238 -0.171782454229747 -0.173686187603147 5.76604310644731e-17 -0.109442629969164 -0.0847004256927038 0.0857757564527798 0.108924073422439 0.168330452004578 0.0648847211452097 -0.0425965617874184 -0.0955436929506852 -0.0941497315245857 3.75216647032969 3.54414332290178 7.45673151751776 20.7931838385111 30.4541382207687 5.66749736086332 5.52728864574335 9.54248101279425 23.1023620618743 32.887459001605 
-7.08782209924692e-18 -0.0457637388296967 -0.0479684537636711 0.0325022130354366 0.0597218371820713 0.275597452124023 -0.0087089298850579 -0.259918796337728 -0.0186273534366461 0.0129355216237516 -1.12464005302401e-17 -0.0249937247505688 -0.0881117077149127 0.0418089123251042 0.0697409060074591 0.196831084718749 -0.00086101575997071 -0.182894318273544 -0.0185034555765804 0.00547072851421428 5.73914009980478 13.3287972554371 5.58163286538816 13.7396073125453 13.9858760037942 7.8678094845296 15.5011261463132 7.76485203664136 15.8522768650463 16.0701708849618 
5.30149838915891e-17 -0.0229651598111944 -0.0318485457507016 0.00914229460269832 0.0456712516765641 0.070309890855051 0.0144638143408999 -0.0469395078920842 -0.0165746093499974 -0.0211862215649526 7.39832222831135e-18 -0.0333111529325759 -0.0217421319249385 0.00775548009886367 0.0472908725261484 0.0638583380271228 -0.000442738406292337 -0.0588429870409091 -0.0102304644492582 0.00567756005781586 11.5919322049608 22.7974177887203 33.0170390628198 24.6779159679994 21.7838444672153 11.143735194526 22.3240279852563 32.552396897667 24.2523474781036 21.3966528711859 
5.88639975188642e-17 -0.0912358917122027 -0.0947950811550642 -0.0390890536383282 0.228646870768735 0.448271196771241 -0.1127357246484 -0.155251763455005 -0.0839968697276543 -0.0627940639877647 3.82869990291528e-17 -0.0711849400193992 -0.0930810065243785 0.00502462661040263 0.160413168046515 0.398722748881735 -0.0857294620866815 -0.131793042582266 -0.0569783674085471 -0.0999074901479977 2.3586778187452 1.63045573090606 1.70579359204521 1.50610660890886 2.16868227212752 2.51918928527838 1.64317284039452 1.70377730852889 1.55095678286599 2.32123045769982 
-1.31851806073046e-17 -0.0642475407351908 -0.0949891162009663 0.151197953710596 0.0102552237509008 0.466361071538339 0.019386672159518 -0.215783493096689 -0.21241916973076 -0.0264393437414436 1.36101848913593e-17 -0.0923685952060008 -0.103318582716834 0.100973391096584 0.094147714327307 0.416100224097904 0.0134469583846082 -0.199818446138905 -0.166864904833348 -0.0390337623675833 6.24278631036552 3.80022248368043 3.59666888504529 3.38607752602083 7.06252454299699 6.72292730667157 4.19011619840625 3.95093930516467 3.56599609733458 7.27956497161886 
1.12514104892453e-18 -0.0660815304045948 -0.0425367709454691 0.00266984406776673 0.106327583830932 0.155512239620987 -0.0322981418904503 -0.0326601395836302 -0.0720234965358611 -0.0171019737289083 1.31701836934781e-19 -0.0402111470798254 -0.0236404577949033 -0.000775889903602143 0.0647604246062969 0.0977953471193388 -0.00638507261760963 -0.00930066744233315 -0.0468275409526285 -0.0349716338290852 3.07750262445917 2.40248380280611 2.40053612846194 2.50043421120699 2.88649943583064 4.13091381057901 3.362207823832 3.3672878204153 3.46278843332484 3.89923437974993 
1.87129408782634e-17 -0.138621620597168 -0.313362847689457 0.183442150825555 0.253883948592019 0.511511170259079 0.0720637797950426 -0.357865315448391 -0.273193797523946 0.0579488106892038 7.71759272569691e-17 -0.132337343320952 -0.249849826517108 0.16091568199277 0.211956131075505 0.343315955822897 0.0795464186304026 -0.297329763241999 -0.175312495433079 0.045414817063872 2.26115290823427 4.99257076928207 4.8476806692347 8.4085073638867 3.16087056816719 2.87527789525206 5.65481425691212 5.71982582071737 9.42030702596418 3.90496618511487 
6.9206931539078e-17 -0.161874018106006 -0.0870503818933076 0.131481354670678 0.116282689377833 0.230681034528457 -0.0596570041720875 -0.187370199437526 -0.0867507299060687 0.10445267885357 -6.25123018501226e-17 -0.134055329087441 -0.076571540223152 0.117237935604429 0.0927711912711254 0.139825444572644 -0.043956945856194 -0.134780244959173 -0.042790279920869 0.0813097641715199 3.11801432418663 6.10524992153974 12.3866640748013 9.84644117240443 4.52665029388173 4.21743727007948 7.26681779349089 13.6675218325919 11.0451878193918 5.64253523970294 
-6.03044140585218e-17 -8.68735202812261e-05 -0.0292373075645021 0.00194273284394009 0.0272767432931699 0.154098262437377 0.0332185258860914 -0.0905598605067024 -0.113727207751186 0.0176596791550933 -3.13018681159557e-17 -0.0196829176242325 -0.0165448399762205 0.0263300265107464 0.00991437169062231 0.066496648534426 0.0248937563926482 -0.0614825190625905 -0.0592926456700982 0.0293092089238759 5.21549955304509 10.5843211152723 23.5470298660565 19.8077130706125 10.1491405373584 7.06710206772877 12.4469714467476 25.5279244134906 21.8598480241325 12.0450016300451 
-1.50813661507266e-17 -0.200757662183032 -0.0383036789397857 0.161228735344102 0.0856629587148329 0.463031440646508 -0.0852880539384546 -0.357132034293062 -0.334740414133647 0.330818992003552 3.76986721823649e-17 -0.142404684589174 -0.0673619705067289 0.116175442474529 0.0973823093669082 0.373848820185608 -0.1006400415012 -0.265599069115302 -0.263845430779415 0.269020963390597 4.051761123714 4.68963152763647 2.48805390362798 2.84749840154709 4.99144498912836 4.85269843522334 5.4135489426012 3.08781833157204 3.36582092430747 5.70694499323827 
-1.67252410269905e-17 -0.159509376049193 -0.156782628674565 0.0661423669673248 0.256515798073492 0.463538610839606 -0.00513148635479607 -0.0951506707039519 -0.255515898397572 -0.0774814060975825 5.9452727743891e-17 -0.106788158587989 -0.0872707279130928 -0.027427764123464 0.225622831311551 0.457370626174591 -0.0764783616740642 -0.159682480306984 -0.0864684126980196 -0.0997916588193471 4.00291045261963 3.49492379490993 3.33789961983054 5.18314172581608 3.26694585950833 3.60662693941371 3.92505455959084 3.951318661405 6.21617981287955 4.27623227572397 
-4.05410087841174e-18 -0.157218409938528 -0.156705955586051 -0.0131914658538416 0.33784254473014 1.85571932484226 -0.191015378476493 -0.237920383197332 -0.320247358982193 -0.172310064643852 7.94331697593286e-17 -0.126224734915405 -0.139196050008908 -0.00762253572642252 0.279150733473677 0.843099693178267 -0.129126342391594 -0.17719596802463 -0.247659400130497 -0.108836217266093 1.03551272851507 6.5070766583875 14.5543740361071 12.7364587671918 5.85303606590782 2.22890089766484 7.8542559897929 16.0041937173365 14.2191624757733 7.18817672061433 
4.94480375822971e-18 -0.308524665334049 -0.191542646955262 0.194511367977792 0.301951458274281 0.361935854939361 -0.0548003002056381 -0.21046081025405 -0.116755465042547 0.0295202725188789 2.35440194759333e-17 -0.308936118074277 -0.175066513058206 0.185034598109632 0.295350977632104 0.280921014107334 -0.029244076200702 -0.182165818293826 -0.0685110301075957 0.00136524872844298 12.4131236677394 32.4817131046845 26.5465871296563 26.4968549166751 13.8345078390216 12.8494161268574 33.2463938814652 27.9366173516833 27.8637697755557 14.8545208413855 
-3.95877921592998e-17 -0.0180799121621924 -0.154783183779049 0.0166837033295163 0.154396995567504 0.338802203254349 0.139776097085868 -0.176998324107683 -0.236824127687207 -0.0573370506625105 4.83490928981596e-17 -0.0506784340007978 -0.157302545470178 0.0547281353227042 0.152351972218746 0.294203114926382 0.11937862174227 -0.150443167016126 -0.191901261527907 -0.0663341522146052 10.7043498209559 13.8568871320206 7.26971603313556 3.95770007408755 5.00546018062651 11.8240571975006 14.8888631993965 8.16324902657489 4.99907083796087 6.12988295734516 
-6.44847447227233e-17 -0.0736136991559123 -0.0162952767718965 0.0502792629893204 0.0396632320707708 0.195377938012057 0.0414298604455015 -0.11507570932485 -0.111371187261349 -0.00818672941359672 7.63137117678162e-17 -0.0574918704719274 -0.0173056846242531 0.0368816389145612 0.0379151150334532 0.160343848713633 0.0222561389632949 -0.0886807704050081 -0.0823225444620957 -0.0102327542938509 6.27595506665777 6.23331017494624 3.77167513511797 3.74288598052744 5.20148464882525 7.1536529184746 7.08643371946351 4.58224199177101 4.54415400469872 6.01608502918305 
6.15515749942647e-17 -0.37904343622122 0.22363544874109 -0.0436664297151605 0.199401488333139 0.872823918523348 0.0509556422099862 -0.434945353195006 -0.269572733274816 -0.0555520433656892 -1.84755832753703e-17 -0.227739147915106 -0.0315404395079348 0.0384219666391135 0.216215032566009 0.825591401683126 0.149830016369664 -0.530633625716434 -0.202147247172141 -0.118089873706474 1.96106044587398 4.37332694292937 2.101049186208 5.4598791379978 3.47240149263072 1.74149563118457 4.75556042058552 2.235307176291 5.70082136261039 3.32913422563727 
-4.41996380094682e-17 0.0347653726483837 -0.135745651122061 0.0478544853864116 0.0532128268859082 0.527694076127735 0.067318364438009 -0.135666615762682 -0.290617686728095 -0.122901828332325 -4.04151795461421e-17 -0.00331951121817299 -0.0777103232869197 0.00938526054964721 0.0719057336096297 0.266419369157381 0.0148282031918736 -0.0148593147435322 -0.199695029306185 -0.0619095683933799 1.41169375220875 2.07758981481766 6.33913382361063 4.40806109574089 5.42934807758107 2.08664978241035 2.82860317948897 7.26702879195042 5.32722559253374 6.22582905539433 
1.96936956912802e-17 -0.14409609233686 -0.158255511637675 0.137401141615991 0.169776997699942 0.316572641069786 0.0691599384223475 -0.0101811346427935 -0.198230530021821 -0.172165734312107 -2.7821974074238e-17 -0.12395072268029 -0.139793588910071 0.11721392818941 0.149321983591942 0.224708988362355 0.0684495868642351 0.0122110177802176 -0.162136962485123 -0.1430869585829 4.20666285642321 5.62051723178671 6.32556318519708 12.6375147078634 12.556117451029 5.38166619601974 6.88857703799256 7.63053058252503 13.9862442703825 13.8656485427072 
7.77747014354154e-17 -0.120029132983348 -0.0967569522996265 0.067000789997668 0.149830017585776 0.17339232481824 -0.0190298133652643 -0.113355292447625 -0.0635224625909696 0.0236860046813216 -6.4858506430696e-17 -0.0772119192361991 -0.0655296520160645 0.050842932796358 0.0918563924093483 0.129123768361123 0.00593724742456902 -0.078499700449726 -0.0553758027627231 -0.000670476418879892 3.73244902085045 8.66598077634672 8.83881056914953 4.92761043113589 3.36857433998197 4.85220011683065 9.86995534463163 10.0566762460896 6.05214749171366 4.47278056922378 
5.46916047771992e-17 -0.0678609472907879 -0.0369014330185426 0.0286575403108559 0.0751328668282612 0.452016746475955 -0.164915309747657 -0.169140114607379 -0.140889805300482 0.0568290004812273 4.84720899168987e-19 -0.0597359722645247 -0.038923367276736 0.0174288343397914 0.080718225537628 0.351339860451791 -0.130252507273234 -0.135615403908808 -0.116762972096464 0.0479118989026691 3.64685659241036 4.69565016242159 4.47191845251425 4.58177564058801 5.37850193229227 4.59559266455105 5.76158822141166 5.52225605333055 5.595742877358 6.32302014794351 
6.12840285177882e-18 -0.0727231581819135 -0.0287308540591676 0.0335002805232688 0.0680687506072532 0.0992728226203253 0.0315108188548798 -0.0125394875925484 -0.0566700221687272 -0.06137476533491 -1.0721073410767e-16 -0.0619437963910841 -0.0258508235129485 0.0281350951488446 0.0596766559974839 0.0545961204917761 0.00607779306203055 -0.00820481974876294 -0.0274012551568069 -0.025051341055112 3.51447671406983 3.61852411680975 4.46753645234117 5.61806683621732 6.22066420493228 4.27454779260535 4.40865700997271 5.27137376333868 6.44361324138813 7.04793865298449 
9.14152986676707e-19 -0.462561285270664 0.0329069876578733 0.111499547882182 0.295718252008314 0.634981803366448 -0.317648444466594 -0.371808895489723 -0.272191266779404 0.3901792895627 5.35306441912793e-18 -0.4325872939798 0.0363149070030584 0.106139841079071 0.265222431422179 0.495357425692051 -0.191155935909362 -0.265933505662202 -0.19474112634344 0.184849168996137 2.32348018584801 13.2227419676878 6.03328779758149 5.0291548631823 1.77717985676503 2.48956436371507 14.1324932802918 6.77439284185586 5.64069990019231 2.08762826240148 
-6.88154748959126e-18 -0.0330946671853168 -0.0968640604744798 -0.0124971412067187 0.143211188621986 0.149094970651613 0.0108576980722873 -0.0566950951598046 -0.102915895128804 0.000396520738025198 1.5631760951036e-17 -0.0308905408169787 -0.0919874250644971 -0.0109017734990747 0.134416248499568 0.133616008727075 0.0124613717167635 -0.0494518453385038 -0.0930189284174445 -0.00312334199133561 3.85077974360373 5.67224042806027 6.91845092317613 7.18112834739975 4.10283567236468 4.12685312444492 5.95827256348159 7.21368602819672 7.48259103321262 4.3895920274007 
-8.69748729706337e-17 -0.102684954332631 -0.0829120531445347 0.171353742451068 0.0140907688803894 0.295380099164139 -0.0529687298216343 -0.236833356878185 -0.0793672909042395 0.0772762830875955 3.94537413652547e-17 -0.0795281566058834 -0.108580808458515 0.131595314219245 0.0555497998329385 0.23033556996157 -0.0618644480343137 -0.161765235048819 -0.0514567336623769 0.0469486905346547 9.06836638936445 5.86740685463966 3.28775875928587 5.4850267593941 11.8358018276175 10.6657314443142 7.3934158415522 4.77070671406887 6.8280410440025 13.2914319943132 
-3.94866287847361e-17 -0.0982431494616965 -0.17932392155688 -0.00279817607783409 0.286801134306186 0.520466200605072 -0.0581837907147219 -0.152519523500408 -0.183574706368248 -0.0780886960612701 -4.41473014190047e-17 -0.091598191807336 -0.164510053494562 -0.0154752175464048 0.278903085003278 0.414132567924556 -0.0401767718543554 -0.113777174327873 -0.151341673689743 -0.084845526671599 6.63889159604772 11.0216246432551 9.57208665124448 11.0233748780274 29.9159719308917 8.49828628330213 12.909474151435 11.475590550742 12.8893474085135 31.5840383920192 
6.58127345279559e-18 0.245083162226987 -0.23015448059386 -0.0821243445272211 0.0668613179398757 0.50230023623903 0.0610183245706619 0.00953259493243575 -0.30474894339998 -0.233268567522561 -1.44724498839307e-16 -0.0157918634035979 -0.0336853031511323 0.0235301632953301 0.0263579769316695 0.263700954923122 0.143165152535416 -0.0753486353551742 -0.204166322942086 -0.122559212481313 2.53197636617718 5.81442163137108 2.42319107805143 2.91425179513932 3.70423421231699 4.02418996730403 7.71598074171296 4.03396060506499 4.83609607761619 5.71834039965738 
-1.40388327565771e-17 -0.00526985992302033 0.00698284488098347 -0.0155625782941454 0.0138657506357472 0.279442279352706 -0.102539030987706 -0.094245550950346 -0.0231423201862736 -0.0502362731619751 6.85484834804713e-17 -0.015948506432913 -0.00489697820899451 0.00592124187996554 0.0148585712118809 0.250308931883048 -0.0909397034953673 -0.0823218591689798 -0.0256896307915749 -0.0445882175566217 11.6312746473035 5.48379536427219 5.57994180560045 7.96378473319496 6.59255414933116 12.6929976955591 6.52019727900851 6.60763113857807 8.99944417565801 7.60913201264687 
-4.68758327770831e-18 -0.0547305096723671 -0.0014326233526375 0.0317374504355202 0.0247928034824939 0.143060081039731 -0.0150037825975378 -0.117491107779964 -0.130142090523299 0.119929069850521 2.17930061218806e-18 -0.0372651918445498 -0.00609545968552268 0.0255114210016243 0.0179524323651876 0.0876305722069701 -0.000447686649713231 -0.0746936352532748 -0.083930201955814 0.0714382493745694 3.83269084144902 4.31694651911971 4.5292183056771 4.85836135269545 3.92236336775982 5.47008396909916 6.08840219115312 6.33268732032683 6.63901742742654 5.55250493980573 
-1.5029025709559e-17 -0.25457455760977 0.00254093787718433 0.0439564278155999 0.207379551712782 0.419158439692831 0.0254975275229736 -0.256622239732516 -0.280708392092199 0.110233223092804 5.17035890326259e-17 -0.310321345283635 0.0396767012770568 0.100789089305754 0.162718119240375 0.253164280118903 -0.0428668708930366 -0.179313870759137 -0.190660949016068 0.162351514809973 1.51906196189765 12.3467170146077 13.1582735393667 8.58103548613324 3.16851576565191 1.64824697385976 12.2281962343434 13.6115285532388 8.99152586316739 3.35715143967782 
-7.41347948904912e-17 -0.0509627998638552 -0.016429469508328 0.0598320810388356 0.00811639393925314 0.201535384702878 -0.0544872850686356 -0.0830469333162504 -0.145566463172515 0.0836140188644061 9.56016698063837e-17 -0.0439408413435682 -0.0162945960654478 0.0533989973448171 0.00713144778063221 0.121373117569796 -0.0292282552724957 -0.0549558335006556 -0.104912625587079 0.0679154908950426 3.83526720066338 9.2984659193564 8.79665666577466 23.2082002548923 6.34875880938515 5.63713815054466 11.1550729153645 10.6623973866425 25.1719558166843 8.15876406738819 
2.59343817889388e-18 -0.0709399050353841 -0.0767578817295571 0.0429249418648964 0.104453073053101 0.380621513835236 -0.0874920059808892 -0.142394401919952 -0.151438354770761 0.0215017564044758 -9.48720312472871e-17 -0.0575076417491237 -0.0656386260349883 0.0328794105734064 0.0903651197691313 0.177418318141262 -0.0393058818634113 -0.0778841393349382 -0.0923163285997533 0.034037703427292 2.92967948338524 8.23545832063424 9.50469640805394 12.2279084965125 9.2030896415035 5.27616564666577 10.720372130215 12.0379514255232 14.7637242406368 11.57953069968 
7.95621040893157e-17 0.00590315747092751 -0.0244970796231216 0.00790799579109727 0.0106052106107445 0.361476667035798 0.0325364877716601 -0.132422975473447 -0.124108760900128 -0.118907329857458 6.90603390988695e-17 -0.0151022170923087 -0.0143920391442913 0.0139302542633245 0.0156256161413271 0.294870889731452 0.0114884468412068 -0.102230216406254 -0.0984280737015439 -0.0951214401590234 8.4345845853972 6.00253978527789 3.63993881099528 3.60212387608953 3.63819586034371 9.42166728243125 6.82174484182801 4.41891684324582 4.39552307657303 4.43330540164986 
-2.41129217149874e-17 -0.136108582135284 -0.0603508406900512 0.0780314825152333 0.118844599730242 0.266688950969615 0.0429498602448423 -0.0915152329865935 -0.149227797534674 -0.0626332382818572 2.25664191937621e-17 -0.116116109651181 -0.0594748635871961 0.0681578566212255 0.107439629343975 0.156959846062594 0.00137149373093759 -0.0619027700271571 -0.0797569757834467 -0.0155167825293159 3.26975131076263 3.50757478624403 5.76131611990747 12.5884308708666 9.82483996856026 4.19719081572989 4.51907629097324 6.8337020522168 13.7577948230631 10.8677843375124 
7.03082906882381e-17 -0.124234689723296 0.0212745870806213 0.0223864696094623 0.0822529603920584 0.367131566875956 0.0861466076627107 -0.308582948685993 -0.296641029776349 0.151513579525788 -4.42310531051328e-17 -0.0789494327489862 0.0018496591950369 0.00746950424383004 0.0696174691641493 0.194261330420495 0.0961442460351432 -0.193755795753569 -0.185995322956501 0.087509024735011 2.84368458726161 3.95775008627321 10.2372278782429 10.3866194313391 4.28171353087334 5.01778315011957 6.28022102252167 12.7927861966233 12.925999053112 6.42417928782491 
-2.62392347504145e-17 -0.112308340198994 0.0331983088884269 0.0505941004789102 0.0295922331317003 0.383194594753426 -0.116096757912556 -0.260513568299457 -0.182513383190314 0.191584426757541 1.10494383608686e-17 -0.109691503990905 0.0324584588708042 0.0469600427953827 0.0311621957305389 0.365677201078395 -0.111867253043204 -0.249193252023169 -0.171257216351425 0.180327568711685 13.9052078669456 6.90589220961714 6.57992742129078 6.18283340740675 12.9774697245332 14.241189227403 7.13578664437062 6.77861796054127 6.39168222497264 13.2534176456313 
-6.83985672515537e-17 -0.0450942283943599 -0.0127745459125276 0.0271302386706774 0.0307889334484245 0.183939345730399 0.0115329805446284 -0.0734865124879953 -0.0797420513519701 -0.039731463717578 1.69043763386549e-17 -0.0420186323912375 -0.0119018810866354 0.0253090330028927 0.028645468253311 0.159904607262279 0.0117401162848348 -0.0648093021658625 -0.0705313359049957 -0.0346593969870356 5.32578162032787 6.87675303160185 7.43543559397339 7.43040731528624 7.10019054774948 5.81018805618097 7.3933168823242 7.97550456626616 7.97275511675126 7.6311415981802 
-6.33458840535856e-17 -0.100006460579879 -0.223744687696556 0.149374425702807 0.170013763575318 0.384822944566306 0.0135722508546916 -0.207064229094429 -0.158900808227727 -0.0196160744235913 2.75045398701439e-17 -0.0892359446232873 -0.180019858455923 0.130648956762268 0.136459219757738 0.227362541611511 0.0491493367322894 -0.150985844458806 -0.105602107960022 -0.0196586985930301 3.38580060561595 11.2653599472406 9.5208020313462 7.0536321734269 4.7434576198822 4.83019226577334 12.777401408226 11.2333261349202 8.71207245098286 6.31530009031661 
5.12519348534386e-17 -0.0117079949502705 -0.0197324383368413 -0.00892044380420654 0.0402324598080034 0.195078504542572 0.0249874656807261 -0.0963427997162025 -0.11814716089172 -0.00324310775259575 4.62352071005725e-17 -0.0131974133389837 -0.0150610442313044 -0.00434336621916921 0.0325377416403356 0.162508180002262 0.0226700205943126 -0.0837960325484716 -0.102167029542082 0.00206591190134334 3.43217456678216 4.32224710977089 4.53795195610955 4.55809151736871 4.47490927318673 3.98305567490374 4.88757197713034 5.1194293628798 5.14593493633028 5.05776778200102 
1.01961300918062e-17 -0.0901932183437154 -0.0666793516319224 0.10144097015936 0.0551999811914551 0.244742862266506 -0.0695839987006589 -0.100916437626901 -0.0677610807796362 -0.00114282113257531 2.54126894475893e-17 -0.0815580178330314 -0.0630880004556571 0.0944783967246163 0.0499745289022504 0.172330000461201 -0.0591158058497432 -0.0841731096577472 -0.0409475582166188 0.0134528500264151 7.33249811681496 10.2650730406752 10.9069445306269 30.7781134544293 19.4403043234955 9.31385517967613 12.360116040458 13.017814816265 32.8961778890357 21.4862182536194 
2.73781628275221e-17 -0.0513159533105416 0.0165955329370683 0.0106061695773222 0.0239821802668517 0.203961208898868 -0.073150400287002 -0.00810296103756992 -0.105994358532479 -0.013492095849073 4.43249188154105e-17 -0.0549713255601529 0.00324038624497362 0.0367374771987835 0.0149656537741296 0.191750668308581 -0.0687945430301685 -0.0118087781173439 -0.092391170251458 -0.0160485892553015 11.2718836625277 10.4340256422529 11.7654552164672 7.38904524291626 11.0340195994393 11.820546649915 10.8566890773425 12.2656149003772 7.87957590105294 11.54218028235 
